
M2669.4,3195.93c-2.91,-1.24 -5.84,-2.42 -8.8,-3.49a261.91,261.91 0,0 0,-27.25 -8.51c-9.56,-2.35 -19,-4.64 -28.66,-6.45a374.72,374.72 0,0 0,-55.86 -5.64c-11.2,-1.66 -22.4,-3.17 -33.67,-4.39a459.66,459.66 0,0 0,-111.07 1.51c-17.81,2.44 -36,6.75 -52.72,13.45 -16.31,6.54 -31.91,19 -36.85,36.55 -5.13,18.21 1.42,36.21 17,46.93 13.83,9.51 31.69,13.78 47.61,18.29 72.24,20.43 146.88,24.29 221.32,16.29a423.62,423.62 0,0 0,53.83 -8.86c16.59,-4 34.83,-8.79 47,-21.64 12,-12.69 18.21,-33 8.77,-49C2701.25,3206 2685.1,3200.58 2669.4,3195.93Z
M2686.4,3239.04c-2.35,11.35 -13.43,17.19 -24.71,20.65 -15.54,4.75 -31.81,8.07 -47.76,11.15 -64.23,12.35 -131.23,9.91 -194.9,-4.85 -16.35,-3.78 -32.52,-8.37 -48.4,-13.74 -5.92,-2 -13.41,-4.58 -17.77,-7.1 -5.82,-3.39 -8.13,-5.59 -10.1,-10.35 0.69,1.66 0,-1.71 -0.08,-1.1a18.21,18.21 0,0 1,0.3 -3.69c-0.1,0.84 1.07,-3.22 1,-3.1 0.22,-0.6 0.36,-1 0.47,-1.34 0.06,-0.11 0.17,-0.26 0.3,-0.52 3.11,-5.64 7.21,-8.82 13.23,-11.86 13.28,-6.71 28.73,-9.24 43.72,-12.54 27,-5.93 54.14,-8.74 81.54,-10.12 10.15,1 20.26,2.36 30.37,3.71 34.46,4.57 68.9,9.09 102.73,17.24 17.15,4.13 34.35,7.81 51.3,12.73 5.34,1.55 11.17,3 15.25,6.1a8.2,8.2 0,0 1,3.53 4.78c-0.46,-1.27 -0.11,1.76 0,1.22A14,14 0,0 0,2686.42 3239Z

M1793.08,2282.38c25.28,-17.32 47.32,-39.33 62.77,-65.92 1.13,-1.95 -1.28,-4.6 -3.12,-2.81 -20.18,19.63 -42.31,37.17 -67,50.82a283.46,283.46 0,0 1,-38.67 17.51q-2.61,1 -5.23,1.87c-3.82,-12.25 -8.77,-24.07 -13.85,-35.88 -6.08,-14.16 -12.49,-28.12 -19.69,-41.76 -10.5,-19.92 -24.9,-56.69 -54,-47.85 -12.73,3.87 -21,14.9 -24.67,27.31 -4.41,15 -5.6,31.43 -7.84,46.89 -2.21,15.2 -3.9,30.63 -5.16,45.94 -1.2,14.43 -0.78,29.43 3.23,43.43 4.22,14.74 12.79,28.64 25.25,37.85 8.53,6.29 19.41,8.74 30,7.94q-2.33,7 -4.8,13.91c-5.4,15.08 -10.75,30.41 -17.37,45s-14.47,28.15 -22.38,42c-15.93,27.81 -33.28,54.64 -49.77,82.1 -8.46,14.1 -16.18,28.71 -23.5,43.44 -7.18,14.45 -13.46,29.44 -16.93,45.24 -3.32,15.11 -3.94,32.13 6.36,44.8 8.75,10.74 25.61,16.55 38.29,9.24a39.65,39.65 0,0 0,14.13 -14.71c4.06,-7.1 7.91,-14.48 11.43,-21.87a509.15,509.15 0,0 0,19.32 -47.51c6.1,-17.08 12.67,-34.28 21.55,-50.15 3.89,-6.93 8.32,-14.31 14.25,-19.7 4.15,-3.78 9.89,-6.56 15.14,-8.62a71.43,71.43 0,0 1,35.79 -4.25c11.78,1.46 24.87,3.92 33.83,12.84a9.38,9.38 0,0 0,1.55 1.23c0.06,1.49 0.12,3 0.15,4.47 0.13,5.4 0.15,10.83 0.1,16.27a51,51 0,0 0,-11.36 -7.57c-7.71,-3.55 -16.47,-6.62 -25,-6.85 -14.16,-0.4 -28.54,5.78 -38.95,15.17 -10.21,9.22 -17,21.49 -22.82,33.79 -6.19,13.2 -11.5,26.74 -17.27,40.13 -7,16.32 -13.64,32.81 -19.63,49.56 -2.74,7.68 -4.62,15.62 -7.16,23.37 -2.72,8.35 -5.32,16.81 -4.32,25.7 0.9,8 4.84,14.79 9.92,20.89 5.74,6.88 11.68,14 18.25,20 11.87,11 26.1,24.17 41.84,29.35 15.36,5.05 32,0.48 44.43,-9.52 12.71,-10.24 18.66,-25.92 23.8,-40.86 5.18,-15.1 11,-30 15.31,-45.36 4.58,-16.47 8.37,-33.2 11.47,-50 6,-32.41 9.43,-64.47 8.42,-97.45 -1,-32.76 -3.56,-65.54 -9.24,-97.85a366.86,366.86 0,0 0,-14.15 -53.85c-5.46,-16.07 -12.9,-33.33 -26.73,-44 -5.88,-4.5 -12.93,-7.54 -20.29,-7.67 3,-9.8 5.39,-19.71 8.58,-29.43 9.7,-4.28 21.51,-4.63 31.41,-1.77 4.74,1.36 8.61,-5 4.13,-8a43.67,43.67 0,0 0,-20.5 -7.09c6.33,-2.93 13.05,-5 19.52,-7.6A216.19,216.19 0,0 0,1793.08 2282.38Z
M1748.17,2630.38c-2.63,28 -8.5,55.32 -15.41,82.56 -3.48,13.72 -7.1,27.23 -12.66,40.3 -4.06,9.57 -10.64,21.93 -21.12,25.78 -8.59,3.17 -17,-4.36 -22.87,-9.8s-11.19,-11.15 -17.16,-16.34c-6.24,-5.42 -13.12,-9.75 -19.93,-14.38 -3.49,-2.39 -8.1,-4.41 -8.26,-9 -0.19,-6 2.88,-12.84 4.85,-18.33 5.25,-14.63 10.1,-29.39 15.14,-44.1 5.47,-15.92 10.85,-31.76 17.33,-47.32 4.59,-11 10.07,-21.5 17.94,-30.57 6.75,-7.77 14.6,-13.66 24.17,-15.26a61.58,61.58 0,0 1,22 0.62c4.08,0.83 7.88,2 12.06,2.28 2.63,0.15 5.12,0.43 7.62,0.82C1751.21,2595.26 1749.81,2612.92 1748.17,2630.38Z
M1655.67,2337.38c-8.55,-4.1 -13.71,-14.19 -16.81,-22.75 -8.25,-22.8 -1.75,-49.64 1.45,-72.83 1.76,-12.8 2.71,-25.71 4.18,-38.55 1.13,-9.83 2.54,-22.41 12.1,-27.88a9,9 0,0 1,4.06 -1.23,166 166,0 0,0 -6.47,17.73 1.22,1.22 0,0 0,2.3 0.84,126.09 126.09,0 0,1 8.07,-17.94 20,20 0,0 1,7.17 5.23,106.92 106.92,0 0,0 -12.07,23.43 1.31,1.31 0,0 0,2.46 0.89,101.37 101.37,0 0,1 12.31,-21.08c0.65,0.86 1.23,1.71 1.76,2.5 1,1.5 2,3 2.87,4.6 -11.26,9.6 -19.24,24.74 -22.2,39.06 -3.26,15.84 -5.4,34.32 2.78,49 3.92,7.06 6.17,12.1 6,20.28 -0.17,8.62 -0.51,17.28 3.23,25.29 3.09,6.61 8.83,12.7 15.86,15.25l-0.71,2a17.67,17.67 0,0 0,-2.78 0.76C1672.53,2345.13 1663.45,2341.1 1655.67,2337.37Z
M1718.14,2386.38c8.33,9.64 12.39,23.13 15.59,35.24 3.51,13.27 6.1,26.75 8.57,40.26 3.49,19 6.48,37.89 8.26,57a91.92,91.92 0,0 0,-16.12 -11.15c-11.19,-6 -25.11,-6.89 -37.57,-5.6 -26.72,2.76 -46.87,20.93 -59.84,43.55 -7.75,13.53 -13,28.2 -20,42.06 -7.64,15.05 -16,29.61 -23.12,44.93a229.12,229.12 0,0 0,-9.49 23.21c-1.59,4.71 -3.21,13 -7.42,16.25 -7.37,5.68 -14.42,-7.18 -14.82,-14.2 -0.32,-5.27 1.28,-10.64 2.87,-15.61a175.7,175.7 0,0 1,9.71 -23.76c6.67,-13.68 14.94,-26.55 22.92,-39.49 16.64,-27 30.54,-55.85 45.63,-83.72q11.27,-20.84 21.39,-42.23c6.67,-14 14.84,-27.24 21.66,-41.14 2.71,-5.54 5.39,-11.11 8,-16.73l1.57,-1.68c3.44,-3.63 7.71,-10.47 12.61,-12.08C1712.33,2380.2 1715.86,2383.7 1718.14,2386.36Z
M1708.55,2299.56a61.06,61.06 0,0 0,-14 15.69c-0.37,0.63 -0.71,1.27 -1,1.91 -0.25,-0.18 -0.52,-0.36 -0.75,-0.56 -2.67,-2.45 -3.2,-9.16 -3.68,-12.52 -1,-6.47 -1.29,-12.91 -3.24,-19.2s-5.72,-11.23 -8,-17.22c-2.17,-5.63 -0.69,-12.31 0,-18.15 0.69,-5.51 1.37,-11 2.24,-16.52 1.49,-9.5 2.33,-18.22 8,-25.55 1.63,3.32 3.24,6.63 4.9,9.87 6.69,13 13.85,25.86 20.56,38.88 5.48,10.66 11.06,21.3 17.26,31.57C1722.89,2290.69 1715.24,2294.14 1708.55,2299.54Z

M1866.28,2203.84a13.32,13.32 0,0 0,5.15 -7.19c0.56,-1.9 -2.31,-3 -2.92,-1.06a10.55,10.55 0,0 1,-4.35 5.76C1862.44,2202.52 1864.56,2205 1866.28,2203.84Z

M1952,2510c9.86,23.93 21.31,46.86 36,68.24 7.72,11.22 14.91,22.66 22.09,34.24 1.09,1.75 4,0.4 2.94,-1.43 -6.3,-10.7 -12.86,-21.24 -18,-32.53s-10.45,-22.5 -15.72,-33.72c-10.41,-22.16 -19.57,-45 -23.2,-69.38 -3.49,-23.39 -4.34,-46.89 1.71,-70a133.45,133.45 0,0 1,4.14 -13.11c2.13,13.18 4.58,26.28 7.88,39.27 5.53,21.8 10.57,45.36 22.08,64.89 13,22.05 30,39.17 50,54.9 18.62,14.62 37.31,28.44 54.34,44.34 8.38,7.83 17,16 26,24 -9.56,16.69 -15.1,35.45 -13.07,55 1.81,17.45 14.78,31 18.74,47.75 4,17 1.42,34.78 3,52.05 1.38,15.13 6.59,31.1 22,37.16 14.44,5.67 29.52,-3.46 36.67,-16 4.34,-7.6 8.1,-15.56 12.07,-23.35 3.32,-6.49 6.52,-14.69 12.34,-19.43s11.71,-0.36 14.61,5.69c3.76,7.84 1.73,17.5 1.53,25.86 -0.42,17.29 0.25,37 6.28,53.4 5.41,14.71 20.44,21 34.47,13.43 7.12,-3.86 12.55,-9.69 17.66,-15.86 5.54,-6.69 11.12,-13.66 15,-21.46a90.31,90.31 0,0 0,9.11 -47.89c-1.2,-15.77 -8.91,-30.73 -22.12,-39.64a124.78,124.78 0,0 0,-20.71 -10.84c-6.51,-2.75 -13.34,-4.65 -19.36,-8.46 -14.75,-9.32 -20.25,-23.72 -21.37,-39.43 41.14,-2.94 78.84,-30.88 99.16,-66.18a196.88,196.88 0,0 0,24.77 -73.59c3.42,-28.17 2.74,-56.75 -8.29,-83.27 -9.76,-23.46 -23.66,-45.84 -38,-66.79a277.42,277.42 0,0 0,-49 -55c-4.31,-3.64 -8.42,-7.53 -12.83,-11 -4.88,-3.89 -10.42,-7 -15.65,-10.34a246.59,246.59 0,0 0,-70.49 -31.5c-6.57,-1.85 -13.25,-3.35 -19.94,-4.69 -7,-1.39 -13.47,-3.51 -19.77,-4.29 -13.33,-1.66 -27.63,-0.62 -40.89,0.94a174,174 0,0 0,-34 7.6,132.5 132.5,0 0,0 -16.9,6.9c-2.53,1.24 -5,2.56 -7.49,3.94 -1,0.55 -2,1.11 -2.94,1.68 -1.13,0.63 -2.23,1.33 -3.3,2.06 -2.07,1.46 -2.42,1.65 -1.07,0.57a174.16,174.16 0,0 0,-28.26 20,210.44 210.44,0 0,0 -24,24.69c-7.32,8.87 -12.7,19 -17.09,29.63 -9.91,24 -12.22,50.55 -10,76.19C1935.4,2461.16 1942.11,2486 1952,2510Z
M2230.28,2642.58c1.23,-9.2 3.07,-18.18 4.62,-26.26 0,-0.14 0.06,-0.27 0.08,-0.42a15.16,15.16 0,0 1,17 -12.18,96.58 96.58,0 0,0 19.57,0.66 77.72,77.72 0,0 0,23.2 -5.34C2279.6,2621 2258,2637.86 2230.27,2642.54Z
M2059.28,2303.22c2.44,-0.7 4.89,-1.33 7.35,-1.91a172.7,172.7 0,0 1,18.6 -3.26c11.63,-1.39 22.46,-0.26 36,-0.75 -2.33,0.08 4.61,0 5.17,0a68.78,68.78 0,0 1,8 0.73,149.09 149.09,0 0,1 16.44,3.16 192.77,192.77 0,0 1,61.53 28.16c4.4,3 8.39,6.55 12.65,9.73 4.78,3.56 9.67,6.86 14.11,10.84 2.37,2.12 7.49,6.84 10.07,9.24 4.38,4.08 8.57,8.31 12.64,12.69 14.57,15.63 28.68,32.75 39.36,51.29a158.83,158.83 0,0 1,21 68.3c1.48,19.91 -1.1,41.39 -6.22,60.59 -9,8.35 -21.52,12.89 -33.21,16.2 -7.6,2.14 -15.31,3.87 -22.9,6.06 -7.42,2.15 -16.33,4.35 -21.91,10 -4.07,4.15 -6.76,10.6 -9.15,15.86a157.81,157.81 0,0 0,-8.86 25.07c-4.16,16 -6.72,32.35 -4.56,48.87a87.45,87.45 0,0 0,15.52 39.42c8.66,11.89 22,19.61 35,25.79 11.42,5.42 22.76,12.71 26.83,25.32 4.38,13.56 -0.42,27 -7,39 -3.49,6.32 -7,12.58 -11,18.59 -3.52,5.27 -8.26,13.65 -14.82,15.63 -11.14,3.37 -12.08,-26.76 -12.58,-32.28 -1.51,-16.39 2.6,-35 -3.53,-50.62 -5.24,-13.36 -19.91,-21.56 -33.59,-14.8 -5.21,2.59 -9.28,7.18 -12.56,11.88 -4.94,7.09 -9.18,14.78 -13.71,22.13 -3.56,5.76 -7.16,11.45 -11,17 -4,5.74 -8.75,10.74 -16.23,7.64 -15.08,-6.24 -14.12,-27.89 -13.79,-41.13 0.4,-15.92 1.27,-32 -4.07,-47.24 -3.06,-8.74 -7.84,-16.71 -11.27,-25.3a73.15,73.15 0,0 1,-5 -25.06c-0.27,-17.38 9.86,-34.5 21,-47.12s24.69,-23.83 40.25,-30.27a198.41,198.41 0,0 1,23.83 -7.88c8.14,-2.2 15.71,-4.59 24.07,-3.54 5.09,0.64 0.48,-3.51 -9.88,-6.27a135.31,135.31 0,0 1,-23.41 -21.9c-10.64,-12.55 -19.83,-25.69 -33.39,-35.39 -12.52,-9 -26.31,-15.9 -38.34,-25.56 -21.42,-17.18 -35.83,-41.11 -45.52,-67.22 -6,-16.24 -10.09,-34.65 -13.42,-52.16 -3.55,-18.79 -6.73,-37.44 -8.69,-56.48a8.38,8.38 0,0 0,-0.83 -2.82Z
M1986.1,2350.37c2.87,19.8 7.93,38.76 14.21,57.83 0.56,1.65 3.25,1.21 2.74,-0.52 -6.15,-20.65 -9.44,-42.46 -11.16,-63.9a3.88,3.88 0,0 0,-0.11 -0.61,97.19 97.19,0 0,1 13.29,-12.75c0.14,-0.13 0.3,-0.24 0.46,-0.37a270.42,270.42 0,0 0,15.28 57.85c0.69,1.78 3.27,0.47 2.64,-1.28a267.32,267.32 0,0 1,-13.4 -59.22,2.6 2.6,0 0,0 -0.21,-0.73c2.2,-1.67 4.44,-3.28 6.7,-4.85 2.77,-1.91 1.26,-0.83 0.64,-0.43 0.95,-0.61 1.9,-1.2 2.87,-1.78q2.1,-1.29 4.24,-2.5a86.45,86.45 0,0 0,2.57 26.51,2 2,0 0,0 4,-0.78 103.22,103.22 0,0 1,0 -28.63c0,-0.19 0,-0.36 0,-0.54q3.36,-1.59 6.83,-3c1.27,18.37 1.38,36.9 3.33,55.22a259.52,259.52 0,0 0,11.27 54c10.45,31.65 27.33,60.72 52.76,82.63 12.66,10.9 28.35,16.75 42.07,26 14.27,9.62 22.95,24 34.42,36.5 0.22,0.25 0.45,0.48 0.69,0.72 -13.11,4 -24.21,12.09 -34.27,21.72 -3.5,3.35 -6.9,6.92 -10.14,10.64 -2,-2.15 -3.93,-4.28 -6,-6.36 -15.36,-15.76 -31,-30.87 -48.68,-44.06 -18.15,-13.56 -37.09,-26 -51.76,-43.5 -13,-15.56 -23.29,-34 -32.05,-52.39 -9,-19 -13.39,-39.8 -18.09,-60.16 -2,-8.73 -3.86,-17.5 -5.64,-26.28C1978.79,2360.34 1982.27,2355.42 1986.07,2350.33Z

M2544.41,1614.2c1.39,2.45 -2.17,-3.49 -1.66,-2.71a47.21,47.21 0,0 0,-4.89 -6.63,60.61 60.61,0 0,0 -14,-11.21c-23.23,-13.4 -50,-14.67 -74.45,-3.76 -10.32,4.59 -20.92,11 -28.6,19.29q-1.47,1.59 -3,3.15a141.47,141.47 0,0 0,-36.26 38.76c-10.57,17 -18.45,37.36 -12.73,57.58 5.81,20.51 24.29,34.95 44,41.19a87.3,87.3 0,0 0,62 -3.67c19.47,-8.62 35.47,-23.51 48.69,-39.92s24.75,-35.17 27.73,-56.33c1.43,-10.13 1,-22.74 -4.33,-31.77C2546.19,1616.88 2542.94,1611.59 2544.41,1614.2Z
M2514.28,1639.58c-0.09,1.65 -0.25,3.3 -0.48,4.94 -0.1,0.7 -0.21,1.41 -0.34,2.11l-0.13,0.35c-1.4,3.75 -2.36,7.71 -3.65,11.51a106.49,106.49 0,0 1,-4.1 10.32c-0.47,1 -0.95,2 -1.45,3 -1,1.84 -2.07,3.67 -3.15,5.47q-3.29,5.46 -7,10.66 -1.59,2.21 -3.25,4.36c-0.55,0.71 -1.12,1.42 -1.68,2.12 -0.29,0.37 -1.78,2.14 -1.65,2a94.6,94.6 0,0 1,-17.87 15.44c-0.61,0.41 -1.3,0.82 -3.33,2 -1.56,0.89 -3.15,1.72 -4.78,2.52 -1.84,0.89 -3.71,1.72 -5.61,2.47 -0.65,0.26 -1.3,0.51 -2,0.75l-1.46,0.44c-7.42,1.9 -15.73,3.53 -21.65,3.41 -13.31,-0.27 -27.37,-4.68 -35.56,-16.85 -3.91,-5.81 -4.34,-13.05 -4,-19.83a94.91,94.91 0,0 1,3.48 -22.37c5.09,-17.07 17,-30.49 30.84,-41.18l1.3,-1c2.73,-1 5.6,-1.7 8.33,-2.68a114.34,114.34 0,0 1,12.29 -4,91.44 91.44,0 0,1 46.1,1.72c2.11,0.66 4.19,1.41 6.23,2.27 0.47,0.2 3.14,1.52 3.16,1.49a50,50 0,0 1,5.1 3.32c0.56,0.41 1.12,0.84 1.66,1.28 0.18,0.2 0.88,0.86 1.11,1.15 0.64,0.77 1.31,1.52 1.91,2.33l0.09,0.2 0.06,0.13c0.13,0.78 0.23,1.56 0.38,2.34l1,4.68a7.6,7.6 0,0 1,0.11 1.23C2514.31,1638.37 2514.3,1639 2514.28,1639.58Z

M3147.37,2291a60.61,60.61 0,0 0,-17.6 9.81c-25.41,13.71 -45.1,37.17 -52.87,65.16s-6,75 31.16,80.41c16.66,2.43 33.64,-6.73 46,-17.07a152,152 0,0 0,32 -37.23,149.74 149.74,0 0,0 18.26,-45c3.49,-15.65 3.49,-34.09 -8.53,-46.35C3183.19,2287.91 3164,2285.31 3147.37,2291Z
M3181,2338.7c-2.37,12 -8,23.92 -14.29,34.33a131.86,131.86 0,0 1,-22.26 27.86c-7.8,7.3 -17,15.38 -27.75,17.43 -8.79,1.69 -14.41,-2.55 -16.59,-12.09s-1.61,-20.19 0.57,-29.84a92.39,92.39 0,0 1,19.5 -39,6.81 6.81,0 0,0 1.57,-0.88c4.81,-3.64 9.82,-7 14.63,-10.68 5,-3.85 9.23,-8.21 15,-11 7.58,-3.66 17.41,-4.4 24.24,0.35C3183,2320.24 3182.6,2330.63 3181,2338.7Z

M1182.68,2978c-8,-0.5 -16.12,0.13 -24.11,0 -3.89,-0.06 -7.6,0.36 -11.48,0.62s-7.86,-0.07 -11.74,0.44c-3.64,0.47 -7.16,1.95 -10.7,2.83 -3.8,1 -7.72,1.4 -11.58,2.07a158.39,158.39 0,0 0,-21.86 5.35c-8.6,2.8 -25.1,7 -20.45,19.44 4.3,11.45 22.19,12.62 32.42,12.47 2.68,0 3.08,-4.14 0.33,-4.22a60.67,60.67 0,0 1,-17.4 -2.77c-2.84,-0.92 -6.69,-2 -8.55,-4.49 -3.34,-4.47 0.72,-6.11 3.94,-7.69 10,-4.94 21.27,-7.41 32.14,-9.81a105.75,105.75 0,0 1,18 -2.57c5.76,-0.28 10.86,-2 16.48,-3 5.8,-1.07 11.55,-2 17.34,-3.23s11.64,-1.33 17.44,-2.37A1.56,1.56 0,0 0,1182.68 2978Z

M1249,2967.28c-4.26,0.3 -8.48,0.31 -12.74,0.39 -3.71,0.08 -7.41,1 -11.06,1.58 -5.64,1 -4,9.82 1.69,8.75 3.62,-0.69 7.39,-1.14 10.87,-2.38 4,-1.43 8,-2.83 12.06,-4A2.19,2.19 0,0 0,1249 2967.28Z

M1542.58,3178.64c-19.65,-2 -39.43,-2.67 -59.14,-4.44s-39.4,-3.43 -59.11,-5c-9.82,-0.81 -19.79,-1.28 -29.54,-2.73 -9.53,-1.41 -19,-3.13 -28.6,-3.7 -6,-0.34 -13.57,0.26 -18.1,-4.57 -6.24,-6.67 4,-14.34 8.82,-17.93 12.26,-9.2 26.06,-20.61 26.83,-37.2 0.18,-3.75 -5.58,-4.22 -5.82,-0.45 -1.23,19.64 -21.84,24.41 -33.55,36.4 -10.53,10.77 -7.84,25.38 5.3,32.34 16.65,8.81 35.22,5.91 53.36,7.05 21.64,1.37 43.29,2.72 65,3.09 24.7,0.42 49.61,1.66 74.29,0.74C1544.55,3182.12 1544.93,3178.88 1542.58,3178.64Z

M2077.47,3199.86c-11.31,-0.84 -22.76,-1.23 -34,-2.85 -10.46,-1.5 -21.11,-2.66 -31.66,-3.22q-32.94,-1.77 -65.85,-3.59c-20.84,-1.16 -42.71,-0.53 -63,-6.13 -4.24,-1.17 -8.84,-2.68 -10.91,-6.93 -2.86,-5.86 2.5,-9.25 6.83,-12 9.23,-5.89 18.6,-11.59 27.91,-17.39 2.62,-1.64 0.59,-6 -2.13,-4.39l-24.45,14.53c-5.75,3.42 -13.67,6.5 -16.56,13 -7.63,17.08 14.4,25.85 26.82,28.84 18.73,4.5 38.68,4.33 57.84,4.35 20.13,0 40.26,-0.08 60.39,0.45a307.16,307.16 0,0 0,31.81 -0.95c12.21,-0.94 24.49,-0.8 36.75,-0.94A1.37,1.37 0,0 0,2077.47 3199.86Z

M2148.72,3201.72a47,47 0,0 1,-23.56 -2.94c-3.76,-1.57 -6,4.51 -2.16,5.95 8.69,3.27 17.66,4.07 26.52,1.14A2.11,2.11 0,0 0,2148.72 3201.72Z

M3242.64,2778.77c9.2,-3.76 18.7,-6.76 27.94,-10.43 3.37,-1.34 0.88,-6.65 -2.47,-5.12 -9,4.12 -17.72,8.89 -26.75,12.91C3239.62,2776.91 3240.91,2779.49 3242.64,2778.77Z

M2813.67,3049.86c-2.11,-0.12 -2.36,3.14 -0.26,3.25 17.12,0.9 34.13,2.72 51.22,3.83 16.34,1.06 32.71,1.69 49,2.5 33.1,1.63 66.13,2.7 99.26,2.28 32.9,-0.42 65.95,-2.95 98.79,-5.09q50.05,-3.24 100,-9.18c36.94,-4.46 73.93,-8.72 110.8,-13.75 3.73,-0.5 2.61,-6.23 -1.11,-5.73 -66.14,8.75 -132.5,13.71 -199.15,16.75 -32.74,1.48 -65.38,2.3 -98.13,2.7s-65.67,2.08 -98.5,2.79q-28,0.6 -56,0.32C2850.94,3050.33 2832.33,3050.85 2813.67,3049.86Z

M2751.18,3050.77c-30,0.46 -59.92,1 -89.87,2.09 -2.25,0.08 -2.63,3.56 -0.28,3.57 29.94,0.18 59.83,-0.19 89.76,-0.65C2754,3055.73 2754.42,3050.72 2751.18,3050.77Z

M2614.57,3238.65c-24.43,6.84 -49.56,11.62 -75,12.65 -12.53,0.52 -25.1,0.47 -37.62,-0.08 -13.24,-0.59 -26.44,-0.19 -39.69,-0.19a1.87,1.87 0,0 0,-0.29 3.73c13.08,2.18 26.06,4.5 39.33,4.78a367.2,367.2 0,0 0,38.69 -1.09,430.67 430.67,0 0,0 75.9,-12.81C2620.35,3244.45 2619,3237.4 2614.57,3238.65Z

M2435,3241.3c-6.36,-1.74 -12.23,-2.41 -18.53,-0.16 -2.65,0.93 -2.21,5.19 0.31,6 4.86,1.5 9.9,2.32 14.7,3.93C2437.86,3253.18 2441.37,3243 2435,3241.3Z

M2237.3,1691.68a1.23,1.23 0,0 0,0.19 -2.45A1.23,1.23 0,0 0,2237.3 1691.68Z

M2880.6,1405c-30,2.54 -59,12.73 -86.29,24.84a757.61,757.61 0,0 0,-83 43.62,939.61 939.61,0 0,0 -87.73,59.74c-5.21,4 1.44,11.73 6.64,7.75 47.49,-36.41 98.49,-67.38 152,-94.1 48.06,-24 104.25,-45.35 157.5,-25.26 24.77,9.35 47.19,26.18 58.37,50.71 1.16,2.54 4.68,0.66 3.8,-1.84C2984.68,1420.77 2929.27,1400.83 2880.6,1405Z

M3036.76,1541.85c-3.13,-5.54 -12.14,-1.11 -8.88,4.31 6,10.08 11.62,20.71 18.87,30 2.72,3.48 7.72,-0.28 6.17,-4.05C3048.61,1561.56 3042.33,1551.77 3036.76,1541.85Z

M3366.37,2096.74c6.8,21.8 13.36,43.75 17.77,66.21 4.46,22.67 4.15,44.91 1.48,67.75s-10.81,43.21 -23.59,62.35c-11.87,17.79 -24.71,35.14 -39.22,50.89 -16.19,17.61 -34.35,33.51 -54.87,45.91 -6.44,3.88 -1.4,14.52 5.16,10.62 38.17,-22.73 70,-56.67 95.07,-93.08 13.45,-19.53 23.69,-40.26 28.1,-63.7s0.47,-47.27 -4.51,-70.4c-5.69,-26.42 -13.71,-52 -22.63,-77.47C3368.59,2094.27 3365.87,2095.15 3366.37,2096.74Z

M3342,2049c0.65,3.44 5.57,2.35 5.25,-1a37.62,37.62 0,0 0,-11.63 -23.52c-2.92,-2.83 -7.75,1.38 -4.79,4.11A36.28,36.28 0,0 1,3342 2049Z

M3898.45,1450.67q-28.56,21.86 -57,43.91c-2.39,1.85 0.7,5.49 3.07,3.58q28,-22.58 55.85,-45.26C3901.84,1451.7 3899.94,1449.52 3898.45,1450.67Z

M1846.2,2561.36c3.58,19.16 5.68,38.89 7.42,58.3 0.15,1.75 3,1.54 3.06,-0.17 1.78,-34.73 1.25,-70.56 -6.51,-104.57 -3.8,-16.68 -6.82,-33.65 -12.3,-49.9 -5.62,-16.63 -11.92,-33.13 -18.3,-49.49a272,272 0,0 0,-12.47 -26.71c-4.72,-9 -8.86,-18.36 -13.43,-27.47a1.23,1.23 0,0 0,-2.21 1.07c3.69,7.62 7.58,15.28 10.58,23.19 3.15,8.32 5.53,16.91 8.52,25.28 5.89,16.44 11.19,32.65 15.15,49.67 3.92,16.85 8.62,33.58 11.83,50.59C1840.67,2527.84 1843.11,2544.66 1846.2,2561.36Z

M1854.89,2653.08c0,13.76 -0.19,27.35 1.49,41 0.32,2.45 3.92,2 4.2,-0.24 1.66,-13.41 1.39,-26.74 1.42,-40.23C1862,2649.07 1854.88,2648.49 1854.89,2653.08Z

M2156.24,2690.89c-3.38,-12.14 -10.51,-23.95 -10.39,-36.83 0.05,-5.58 1.61,-11.19 2.83,-16.59 1.54,-6.79 7.14,-12.07 12.59,-16 2.79,-2 -0.71,-6.11 -3.48,-4.06 -10.78,8 -20,20.64 -20.82,34.23 -0.93,15.33 5.68,29.82 15.72,41C2154,2694 2156.8,2692.94 2156.24,2690.89Z

M2156.21,2702.88c-3.59,0.69 -5.35,4 -5,7.4 0.54,5.13 1.15,10.38 5.2,14 1.53,1.38 4,0.47 5.07,-0.91 3.39,-4.31 2.48,-10.45 2.11,-15.5C2163.35,2704.47 2159.26,2702.29 2156.21,2702.88Z

M1394.7,2932.73a72.49,72.49 0,0 0,5.82 -14.77c0.69,-2.54 -3.23,-3.9 -3.82,-1.38a70.8,70.8 0,0 1,-5.16 14.51C1390.67,2932.91 1393.76,2934.53 1394.7,2932.73Z

M1451.35,2959.37c-1.33,3.23 -3.4,6.82 -3.76,10.32 -0.27,2.54 3,3.36 4.43,1.57 2.17,-2.7 3.21,-6.82 4.52,-10S1452.7,2956.09 1451.35,2959.37Z

M1518.5,2994.38c-2.32,7.86 -4.63,15.75 -7,23.61 -0.43,1.51 1.84,2.34 2.32,0.84l7.56,-23.4C1522,2993.52 1519.06,2992.46 1518.5,2994.38Z

M1595.59,3071c1,-3.1 1.7,-6.34 2.51,-9.51a2.67,2.67 0,1 0,-5.19 -1.11c-0.5,3.24 -1.14,6.49 -1.41,9.74C1591.31,3072.46 1594.84,3073.28 1595.59,3071Z

M1679.38,3040.27c-1,4.39 -2.67,9 -2.91,13.55 -0.16,2.42 2.94,2.81 3.92,0.84 1.93,-3.86 2.79,-8.44 4,-12.58C1685.41,3038.75 1680.15,3037 1679.38,3040.27Z

M1762.33,3014.73l-1.95,13.61c-0.23,1.56 2.24,1.76 2.44,0.19q0.9,-6.81 1.79,-13.62C1764.81,3013.44 1762.53,3013.28 1762.33,3014.73Z

M1833.56,2990.73l-2.47,8.23c-0.45,1.52 1.89,2.36 2.3,0.84 0.77,-2.77 1.55,-5.53 2.31,-8.29C1836.11,2990.1 1834,2989.3 1833.56,2990.73Z

M2019.64,2447c0.77,2.05 4.32,0.9 3.67,-1.22l-3.71,-12.18a2.35,2.35 0,1 0,-4.44 1.48Q2017.41,2441 2019.64,2447Z

M2025.41,2409.35a1.23,1.23 0,0 0,0.19 -2.45A1.23,1.23 0,0 0,2025.41 2409.35Z

M1654.1,2221a1.16,1.16 0,0 0,-1.46 0.69c-0.59,1.21 -1.19,2.4 -1.78,3.61a1.15,1.15 0,0 0,2.16 0.78c0.59,-1.21 1.19,-2.41 1.78,-3.62A1.16,1.16 0,0 0,1654.1 2221Z

M1652.65,2206a1.23,1.23 0,0 0,0.19 -2.45A1.23,1.23 0,0 0,1652.65 2206Z